472536 923661
472540 842739
472570 842739
472581 851518
472600 842743
472633 877060
472802 851518
472813 920691
473056 842744
473364 842748
473368 842750 842751 842752 864992 887735
473458 858962
473628 842756
473632 842756
474030 834555 841451
474381 474380
474495 789620
474672 706902
474729 560789
474819 658394
474820 658394
474827 658394
474944 640912 658394
474945 640912
475081 475091
475084 475089
475086 475089
477782 868571
477853 558059
477960 868594
478126 875357
478366 852662
478430 875930
478816 878605
479023 888610
479141 886992
479792 868625
480242 892458
480426 907445
480770 876544
480929 892031
480967 892803
481164 853587
481244 916005
481450 742770 842121
481651 886629
481817 872535
481857 869156
482702 742760
483208 834880 836155 840308
483640 817293
483648 540919
483649 540919
483890 483886 483887
483920 483918 648590
483923 808532
484048 929945
484113 868409
484150 868478
485058 859867
485236 617095
485547 704295
486139 885346
486366 843608
486505 890734
487316 895626
487317 919115
487320 930646
487657 870991
487863 743690
488157 857732
488397 743788
488467 867887
488523 870102
488693 915587
489037 896723
489168 854168
489514 808891
489642 857335
489878 870150
489926 874755
490472 743020
490716 843555
490892 843537
491385 878409
491631 703750 760501
491767 701373
491996 875970
492104 809211
492249 837228
492679 582295
492751 928783
492772 872172
492817 881190
493125 932913
493131 876248
493423 870262
493484 882059
493721 923150
493734 878105 893528
493816 840435
494498 808579
494614 924841
494676 871506
494920 768666
495133 839193
495165 495194
495166 516709 615146
495173 495194
495209 743388
495776 887052
496564 890108
496771 880224
496913 887099
496988 578618 743219
497743 874018
498903 883093
499151 871906
499194 874647
499851 870991
500031 877047 880740
500136 645801 743773
500375 890910
501221 870293
501342 918122
501398 661896 821076
501629 868548
502054 887737
502055 865896
502289 886070
502434 850551
502500 880458
502608 884557
502955 874695
503059 519570 808871 808872
503228 880853
503350 857335
503505 558059 836334 836468 836523 836626 836680 836700 836729 836779 836944 836947 836965 836973 836981 836985 837077 837102 837169 837188 837200 837238 837386 837395 837448 837498 837561 837562 837578 837697 837758 837842 837864 837876 837890 837904 838043 838087 838097 838098 838107 838143 838154 838187 838236 838258 838263 838278 838283 838311 838315 838328 838367 838405 838426 838486 838488 838494 838528 838581 838595 838620 838697 838716 838754 838761 838764 838770 838771 838773 838774 838780 838813 838857 838896 838998 839047 839067 839077 839116 839221 839242 839289 839345 839388 839412 839418 839481 839511 839514 839519 839532 839576 839659 839703 839792 839822 839841 839857 839872 839902 839905 839906 839907 839908 839910 839911 839913 839914 839916 839918 839920 839923 839935 839958 839959 839962 839963 839964 839967 839974 839975 839977 839979 839984 839986 839989 839996 840002 840004 840006 840007 840009 840012 840014 840015 840016 840017 840019 840021 840022 840024 840027 840028 840045 840062 840065 840072 840073 840078 840080 840081 840082 840083 840089 840093 840096 840098 840100 840107 840110 840111 840113 840115 840118 840120 840122 840126 840133 840141 840142 840144 840145 840150 840159 840163 840164 840166 840170 840178 840180 840182 840184 840186 840188 840189 840190 840191 840192 840195 840198 840201 840214 840217 840219 840220 840223 840224 840225 840227 840230 840242 840243 840248 840249 840253 840255 840263 840408 840432 840646 840738 840823 840856 840901 840967 840978 841026 841089 841151 841329 841570 841595 841620 841671 841690 841692 841788 841823 841894 841933 841942 842009 842115 842119 842123 842160 842210 842290
504537 886289
504563 623705
504896 495194
505037 617095 838765 842548
505392 483277
505661 724038
506086 876221
506119 544179
507057 890143
507241 884557
507742 755822
508224 920846
508305 869152 879601
508453 862029
508506 881771
508608 934435
508902 855889
509919 869980
510738 837228
510944 914893
510967 858228
511167 843844
511719 870454
512125 835059 907577
512785 924256
512845 870039
513161 850551
513608 887229
513734 891774
513850 884256
513876 884256
513954 929104
514018 892109
514110 886037
514135 674758
514315 837763
514483 514470
515040 743887 757292
515382 895769
515582 835059 907577
515624 895369
515684 522904
515691 681991
516043 516104
516173 742953 742957
516206 862841
516309 886037
516460 519777 558059
516699 843567
517599 554597 796615
517961 715175 836118 836119 836120 836128 836129 836134 836136 836137 836140 836141 836144 836146 836148 836150 836152 836154 836159 836160 836162 836163 836165 836166 836167 836169 836170 836171 836173 836175 836176 836177 836178 836179 836180 836182 836184 836185 836191 836192 836193 836195 836196 836202 836203 836204 836205 836206 836207 836209 836210 836211 836212 836213 836215 836216 836219 836220 836221 836222 836223 836225 836226 836227 836228 836229 836231 836247 836249 836250 836251 836252 836253 836254 836255 836256 836257 836258 836260 836263 836264 836266 836267 836268 836269 836270 836271 836273 836274 836275 836277 836278 836279 836280 836281 836282 836283 836284 836285 836287 836288 836295 836299 836300 836303 836304 836305 836358 836432 836468 836474 836491 836493 836532 836560 836621 836810 836814 836852 836866 836913 836944 836976 837165 837218 837300 837306 837320 837342 837379 837442 837488 837566 837631 837758 837797 837804 837826 837950 837960 837968 837988 838099 838109 838133 838216 838258 838395 838396 838404 838516 838546 838582 838666 838677 838690 838885 838907 838954 839004 839011 839106 839112 839113 839197 839202 839344 839388 839391 839472 839525 839530 839567 839624 839681 839773 839815 839828 839913 839922 840041 840049 840054 840079 840102 840133 840152 840159 840170 840180 840184 840188 840190 840192 840214 840217 840219 840220 840224 840227 840229 840249 840253 840255 840418 840429 840471 840481 840495 840631 840722 840776 840822 840823 840842 840888 840932 840967 840969 840981 841078 841121 841127 841215 841272 841380 841470 841529 841598 841614 841627 841683 841761 841815 841880 841893 841894 841933 841942 841969 841981 842016 842019 842071 842105 842163 842172 842186 842194 842233 842281 842334 842339 842347 842378 842382 842388 842393 842396 842397 842398 842399 842403 842431 842441 842443 842448 842452 842464 842466 842468 842469 842520 842550 842557 842581 842582 842584 842585
518536 867805
518768 879326
520034 870143
520655 901390
521015 598163 731405
521859 913989
521877 743931 743963
522264 743177
522279 621685 781854
522360 673237
522414 876342
522495 903313
523088 920869
523541 836587 836720 836945 837452 837686 837844 838171 838288 838373 838694 839133 839445 839621 839716 840000 840334 840904 840935 841094 841105 841226 841419 841623 841813 841819 841841 841847 841852 841853 841854 841856 841859 841860 841862 841863 841864 841865 842005 842074 842325 842514
523963 900964
524331 841787
524334 887055
524399 808532
524484 892109
524998 888557
525032 851254
525163 884557
525243 871983
525368 874995
525379 874995
525476 872071
525902 853617
526044 880240
526187 898432
526230 886992
526307 886989
526378 877006
526431 843608
526482 873903
526890 884486
527008 887865
527069 870067
527184 882715
527229 919393
527390 866516
527559 879822
528142 910056
528237 886962
528363 886814
528923 558059
529268 519410
529295 878605
529415 913341
529494 875943
529612 888621
529814 872226
530555 835059 907577
530641 892031
530688 839620
530926 492487 849935 857712 861501 867379 870657 870694 870763 870866 870870 870876 871058 871482 872781 875524 876528 877118 878023 880982 882461 882767 884034 884960 885265 886220 889637 891293 891628 893209 906698 915806 923349 930012
531073 885474
531271 843086
531416 898037
532514 883390
532541 899970
533234 881042
533254 883928
533579 892326
534088 836746
534158 836061
534166 685626
534314 874181
535470 922101
535745 899829
535806 684221 691916 744710 767365
535949 885616
535965 873817
536053 870150
536315 872664
536371 866731
536562 857439
536757 843086
536859 877923
537150 898378
537206 902933
537219 883302
537259 886124
537263 886124
537351 871040
537514 879610
537730 874348
537980 854027
538104 868486
538239 865405
538482 883424
538997 868493 919097
539040 898037
539387 894439
539406 882729
539434 882729
539501 897057
539544 882454
540007 864024 913082
540033 879744
540089 816933 842064
540097 640478 669651 706754 744241 815433
540144 885857
540455 836743
540525 849146
540532 743657 743676
541324 862487 867018 868601 934009
541331 743477
541474 889585
541861 834598 834599 834600 834601 834602 834603 834606 834625 834648 834652 834724 834976 835488 835496 835538 835794 835863 836181 836611 836653 837053 837054 837914 838177 838180 838577 838596 839097 839241 840215 841512 841659 842546
541920 893418
541968 541971 849485 854784 856339 857202 857535 857595 864265 865302 866809 869372 871409 871426 872707 874135 874252 874866 875826 876914 876916 877698 878239 878617 879432 879566 880126 880222 880360 880758 880869 883734 883784 884368 884837 885019 885600 886415 886712 886771 886828 887069 887081 887165 887171 887362 887385 887402 887650 887915 890183 890878 893628 894019 894076 894596 894853 895346 897933 899102 899685 902379 903539 903914 905023 906333 906897 908356 908455 923656
542187 836833 837316 838497 841268
542452 837228
542716 878279
543022 561501
543098 881663
543175 543164
543476 543492
543492 499899 537237 543173 543248 543253 543255 543257 543260 543476 564950 575470 589301 615571 617744 620405 623255 666649 670630 704650 717278 836756
543658 543660
543733 654231
543739 654231
543988 515319 809256
545264 921609
545474 699999 732309 742686 742695 742738 742772 742855 759767
546116 561612 828134
546356 870150
546511 866386
547075 916954
547125 599162
547244 851254
547521 852967
548206 916041
548316 883956
548459 673956
548629 872321
548710 875357
548754 885114
549079 871983
549172 728937 850027 850578 851001 853129 854416 855227 856765 861475 862444 863522 867988 869870 870065 870349 870399 871104 871423 871490 871499 871560 871605 871756 871760 871900 872050 872054 872287 872408 873310 873501 875390 876150 876170 876364 876650 876701 877203 877525 877554 878953 880210 880416 880950 881002 881278 883597 884817 885448 887044 887329 887583 887656 890122 890601 893744 894127 894440 894590 894810 895545 900803 914113 914296 916994 920459 929169 933655
549240 751507
549453 882021
549574 529972 626045 842195
549666 870074 870081
549928 904138
550993 590086
551112 912458
551520 879821
551752 920255
551807 873660
552139 872226
552247 837228
552736 900587
552812 876342
553614 849811
554095 839898 839900
554874 864485
555335 877591
555458 885372
555520 876969
555575 903872
555657 857513
555663 881042
556206 843281
556488 932857
557821 851036
558092 895626
558171 878674
558189 876530
558215 870780
558674 892059
558886 874755
559421 880304
559880 552526
560158 862821
560369 561665
560572 911834
561080 495745
561254 493392 535603 546735 736038 743245
561355 878099
561377 870262
561534 854749
561552 614960
561560 590086
561571 880979
562274 890100
562352 637881
562369 880983
562388 880166
562430 892358
562884 870991
563310 880182
563355 884543
563528 878072
563649 859867
563877 645993
563972 544179
564079 800503 806197
564371 542964
564399 882563
564455 870028
564864 922364
565039 874647
566458 882568
566701 864024 865053
567057 901390
567771 673237
568009 853957
568109 798877 809234
568230 501551 742840
568364 876248
568627 888609
568827 864011
569013 879793
569419 869033
569599 935199
570197 869074
570552 884981 885562 895715 914824
570582 703731
571097 859496 890596
571111 876140
571390 865791
571800 935196
571888 809572
572017 886418
572154 870150
572264 894227
572379 704162 852089 853108 854029 855000 857781 858316 858893 860238 861029 861808 861923 862351 867053 867067 867091 867356 867361 867421 867461 867508 867608 867616 867688 867757 867810 867845 867927 868130 868176 870708 870803 871584 871782 873207 875858 875928 876073 876367 877039 877138 877470 880249 880503 881689 882596 882844 883729 883848 883891 886126 886196 886407 890253 892711 893442 895744 896708 897383 906989 908949 909951 913844 919216 920883 927501 927791 930659
572538 876342
572559 890723
572574 893234
573107 720094
573462 742735
573696 878833
573790 819424
574028 843275 843281
574147 932071
574341 922631
575047 852563
575133 664144
575246 881074
575266 880216
575374 835059 907577
575502 673237
576112 744293
576225 869980
576713 884375
577090 878662
577559 877912
577925 742730
578948 519410
579264 893130
579455 903455
579501 897920
579869 868222
580420 919480
580457 879333
580493 837228
580496 936403
581010 835059 907577
581065 894224
581080 896703
581325 866295
581740 883973
581842 934853
582016 886590
582168 874647
582383 617095
582775 885662
582976 888319
583035 881090
583417 874828
583460 867834
583492 871506
583503 883382
583841 886784
584399 561665
584429 849933
584434 872172
585073 610893 860884 863570 863668 870242 870608 872393 872645 874433 874554 879038 880621 881765 881915 882569 882848 887103 887406 888406 888409 888412 888414 888444 888510 888513 888528 888579 888978 889032 889087 889091 889096 891241 891648 891784 896032 898040 898359 899513 907606 920086 935085
585924 495194 836348 836351 836419 836470 836516 836535 836590 836592 836698 836775 836802 836948 836977 837037 837096 837103 837122 837126 837197 837212 837256 837262 837385 837391 837393 837444 837481 837484 837486 837510 837528 837533 837542 837551 837563 837583 837594 837615 837625 837644 837650 837668 837672 837673 837684 837695 837706 837716 837717 837721 837740 837757 837772 837775 837798 837811 837812 837823 837825 837845 837849 837880 837947 837952 837956 837958 837967 837978 837981 837993 837996 838023 838048 838064 838117 838119 838124 838127 838200 838208 838271 838312 838377 838436 838470 838538 838583 838584 838585 838598 838607 838621 838628 838630 838653 838667 838680 838711 838719 838762 838821 838828 838851 838863 838887 838893 838911 838926 838932 838957 838964 839028 839044 839049 839054 839061 839069 839078 839082 839085 839089 839100 839103 839115 839120 839123 839134 839166 839185 839194 839198 839205 839231 839243 839247 839254 839298 839392 839414 839440 839443 839449 839457 839497 839509 839523 839558 839578 839612 839674 839676 839680 839683 839728 839736 839794 839795 839797 839810 839836 839947 839981 840029 840060 840095 840103 840116 840121 840171 840172 840181 840205 840250 840340 840344 840355 840372 840392 840393 840438 840440 840448 840449 840454 840456 840458 840459 840466 840467 840468 840469 840470 840476 840478 840479 840482 840487 840491 840497 840499 840503 840504 840505 840527 840534 840536 840539 840541 840544 840550 840552 840553 840554 840555 840560 840563 840564 840565 840567 840570 840571 840572 840574 840576 840580 840584 840585 840586 840587 840588 840590 840595 840597 840598 840600 840624 840627 840629 840630 840633 840634 840636 840637 840639 840640 840643 840644 840661 840663 840671 840677 840678 840680 840682 840683 840684 840687 840688 840695 840697 840699 840700 840702 840703 840707 840711 840720 840724 840728 840731 840733 840736 840739 840743 840744 840745 840750 840752 840754 840757 840758 840760 840763 840769 840770 840772 840773 840777 840778 840782 840783 840784 840786 840788 840791 840801 840805 840807 840808 840810 840812 840814 840817 840820 840821 840824 840826 840828 840829 840830 840831 840833 840834 840837 840840 840874 840903 840914 840971 840984 841155 841211 841225 841281 841325 841333 841376 841412 841449 841461 841476 841488 841517 841647 841650 841653 841662 841675 841738 841788 841812 841828 841985 842112 842139 842200 842234 842458 842538
586030 885372
586116 875900
586315 881829
586363 931635
586572 932471
586642 887937
587015 836528 837394
587518 928782
587834 600602 611732
587879 866138 871889 891400 892386 892396 892397
588262 872387
588460 561584 622272 837549 839222 839620
588851 885342
588929 554460
588998 923509
589066 936403
589078 702291 742732
589336 866184
589551 503200 642180 720712 800870 802533 802536 802538 807377
589613 869605
589741 876126
590158 554460
590527 903838
591024 837228
592221 909495
592799 876140
592835 724284
592951 885365
592970 558059
593053 879045
593097 872702
593553 884726
593716 690316 742739
593774 843603
594616 876030
594767 892352
595008 743379 743380
595058 519410
595082 849448
595415 897310
595458 843616 892492
595669 880915
595810 889429
595879 843801
596321 681231 712095
596363 885278
596586 885045 886379
596593 935522
596703 839507
596731 862686
596827 843614
597702 844342
597703 936403
598375 914626
598678 586644 631342
598680 729465 742929
598814 764781
599065 884726
599144 554588
599178 705344
599213 875665
599336 875525
599510 837753
599524 704635 794364 810661
599962 874422
600016 885662
600090 888319
600125 508696
600255 879821
600942 685589
601059 854027
601391 875805
601511 874933
601559 883081
601649 736578
601722 843609
601742 881782
601955 903985
602000 882658
602035 877006
602375 891531
602397 866719
602506 934864
602617 920115
602751 876838
602787 892279
603356 882671
603725 549627
604851 876282
604890 898817
605236 866295
605290 890596
605644 869033
606177 870617
606516 850192
607508 868493 871878 882544 885325 919097
607555 880256
607595 835059 907577
607940 857313
608025 494554
608200 724577 808573
608325 843604
608463 666892
609235 868409
609239 923457
609341 897018
609443 849435
609613 672797 743769
609829 742885 842131
610220 571005
610378 907445
610893 585073
611694 874104 920846
611702 742533 742535
611712 889564
612216 843803
612414 882191
612672 519410
613699 886397
613937 892689
614137 840140
614450 871777
614969 878662
615201 886554 924479
615250 931635
615571 543492
615757 495194
615996 838606 838925
616207 876838
617279 688463
617654 904379
617765 871072
617871 870780
618143 866295
618478 885662
618602 927786
618707 544179
618874 880979
619282 860382
620064 868421
620111 785966 809174
620351 904138
620385 519225
620471 885114
620892 732130 835531 836461 837630 887389
620950 761013
621265 883184
621380 933571
621428 843582
621626 932857
621717 841787
621920 877923
622033 673237
622315 901390
622486 895495
622557 930443
622572 899860
623006 880673
623583 875703
623721 884443
623886 883045 884256 920255
624223 873618
624430 884009
624624 768666
625014 649702 811995
625027 905767
625039 895626
625688 868222
625695 835059 851053
625754 885342
626092 933571
626330 878225
626740 883581
626764 703731
626913 852705
626918 835059 907577
627058 483723
627091 516724
627300 871598
627468 843556
627694 890481
627867 877987
628090 895237
628576 868608
628607 888655
628720 657203
628933 883624
629123 825898
629350 877394
629471 884543
629798 918668
629944 837549
630084 634872
630113 493404
630283 838593 839867
630411 836613 837085
630476 855448
630665 885055
630885 875656
631554 926421
631953 886521
631967 615497 630699 709153
632063 877923
633164 909089
633270 895089
633313 664296 801431
633352 877047
633485 873292
634676 522353
634835 877047
635100 894314
635113 860758
635311 874755
635547 810611
635593 837228
635693 880898
635789 870150
635838 884385
635946 895089
636461 888655
637189 884621
637415 882191
637428 866295
637712 880458
638301 478547
638480 878409
638963 709565 742986 742988 742993 829851
639231 843603
639450 854973
639662 871970
639740 849554
639887 836450 839164
640090 864011
640371 857504 884375
640393 880915
640586 889585
640733 892329
640971 875357
641293 884486
641408 891698
641648 885325
641819 843610
642103 903872
642339 884981
642821 890274
642935 879849
642963 566886 613883 743738 743744 842223
643377 931635
643415 654501 843036 843037 843062 843063 843067 843096 843104 843105 843244 843245 843266 843267 843305 843327 843345 843346 846231 846917 853534 853986 858766 875311 878745 882916 898528 906436 913046 914498 914659 918759 920241 923161
643443 932050
643544 843579
643596 894075
643864 920869
643874 878253
644183 879898
644288 934637
644491 897244
644730 487906 835190 835191
644867 843277
644946 873635
644952 873635
645046 868229
645717 877795
645727 866708
645990 883229
646030 774101
646205 816933
646270 876790
646316 879117
646600 884642
646816 843281
646987 906162
647130 768666
647823 841832
648337 708968
648392 808441
648446 864011 881654
648501 881485
648590 483920 808532
648604 888042
648831 865390
649335 838566 841179
649437 779833
650154 650184
650242 880304
650370 837228
650388 877394
650440 874198
650686 880929
650740 645993
650771 677336 805602
651036 504679
651416 887790
651456 880673
651695 868448
651816 482803 487187 516582 543677 543678 543682 543683 543692 543706 543716 543725 543746 547078 562704 572174 580004 581888 582724 583528 583951 588364 588695 593027 600753 614800 616733 635331 641215 642249 653553 654231 688098 689038 722439 725614 758038 783121 790919 794813 808153 827952 836665 836748 836803 837581 837922 838410 838550 838857 841329
651873 654231
652175 849811 898616 923333
652601 921700
652741 868493
652744 857464
652812 870549
652929 864011
653575 887086
653722 843616
653724 874039
653749 843799
654018 878105 881692 882525 893528 922631
654319 883919
654501 643415
654528 843084
654582 870840
654810 866842
655615 835567
655658 610913
655766 851384
655916 924479
655981 887947
656018 808579
656046 614432 743229
656691 844342
656888 838949
657282 921236
657288 852318
657566 882600
657980 880677
658133 843283 843284
658177 899955
658676 890734
659039 852705
659315 848390
659457 880135
659468 871535 874181
659543 879028
659586 881654 885857
659952 808503
659974 718112 742917
660990 743438 743441
661141 843086
661270 890128
661659 869388
661910 874122
662146 892321 907364
662917 897974
663438 899527
663503 617095
663508 617095
663595 590008
663654 930646
663774 808532
664140 623820 742689
664392 876968
664833 839107
665576 555340
665732 932071
665774 665776
665796 867991
666344 612010 665085 679206 699241 808159 808165 808168
667040 876530
667125 877958
667447 849644
667690 879898
667733 875018
669197 836609
669503 882012
669563 900619
669601 884020
669642 905767
669896 891242
669997 908936
670144 564210
670149 744293
670200 887013
670264 842444
670464 866184
670928 631794
671109 843552
671457 615497
671500 473875 842598 842608 842609 842649 842650 842670 842671 842687 842690 842692 842693 842697 842712 842759 842760 842761 842779 842780 842781 842783 842784 858822 868620 892115 896753 903684 923076 929583
671970 885352
671983 872484
672042 841874
672159 484157 553112 697201 743428 743438 743447 743455 743457 819587
672923 743063 801229
673478 841826
673730 885804
673774 886508
673807 884911
674039 917583
674192 871598
674600 809668
674715 843572
674754 869152
674990 808741 808768
675081 662544
675228 881782
676005 892195
676268 879574
676487 851412
676693 884612
676714 843282
677016 880458
677039 875347
677390 879327
677679 835654 835655
677954 884543
678655 897484
678921 880322
678985 873432
679357 891010
680611 931685
680757 877923
681437 877153
682134 881099
682165 742717
682349 570646 572347
682544 852563
682724 842422 842423
682899 837228
683019 843086 935573
683236 885200
683253 885325
683353 871878
683511 837228
683782 873337
683833 495194
684261 909495
684316 869338
684378 875342 887755
684547 870153
684593 871598
684739 894641
684749 886445
685085 906039
685124 903455
685170 477522 827658
685219 835059 907577
685274 612922 724577
685671 808579 835157
685700 913989
685755 728858 743046 839239
686384 886989
686790 866295
687011 474953
687781 932071
688103 899829
688112 723968
688446 835059 907577
689038 651816
689412 933359
690052 934009
690139 934009
690162 868601
690253 894846 914626
690700 875848
690786 837228
690990 896007
691358 868293
691481 928122
691570 591416
691843 870795
691902 743595 777760
692289 503998 528346 622874 682592 743630 743634 743641
692794 868478
692857 802261
693306 702423 742917
693323 881485
693597 879173
693634 873157
693728 849510
693759 894460
693794 666401 742773
693955 855151
693968 868448
694151 871569
694282 931530
694290 881378
694382 843830
694472 875105
694610 893910
694615 843846
695239 697579 760685 760688 822816 825683
695434 935066
696458 881654
696757 842596
696763 920255
697026 548867
697683 646087
698161 480446 743145 743148
698175 736005
698439 907445
698442 874005
698964 920383
699113 923661
699209 892329
699798 835059 907577
699822 843846
700367 895237
700429 837549
700539 887355
700551 843608 843612
700647 502729
702186 885662
702401 882494
702768 907445
703139 842739
703732 703731
703763 811995
704170 781854
704175 781854
704194 836451
704242 837649
704263 614325 704326 704327 704331 714928 743988 749299 762007
704635 599524
704838 771718 808864
705129 843836
705270 852228
705344 599178 850084 853781 854553 860850 860940 867042 867043 867060 867127 867399 867466 867578 867613 867652 867730 867768 867890 868161 868505 868893 868987 869165 869370 869618 869803 871957 872420 872683 873835 874622 874976 876450 876784 876943 877881 877922 879023 882442 882545 883667 885439 885550 886953 887076 887575 889431 889597 890491 890675 892719 893495 895741 899961 906819 911197 922192 924190 927452 929151 931361
705958 867834
705965 867834
706199 928286
706460 888651
706542 841059
706690 897818
706753 897818
706998 889585
707138 935573
707150 869571
707161 867793
707310 867805
707687 907445
707812 867805
707823 907445
708818 927497
709061 892318
709637 809119
710572 837228
710821 882340
710874 843609
711176 877725
711190 693912
712960 891010
713245 906382
713678 866295
713691 808579
713901 617151
714580 841691
714629 724284 841776 841778
714738 524142
714882 837121
714906 881663
715071 843612
715143 883631
715241 883631
715271 903985
715380 903985
715385 903985
715407 903985
715480 923325
715488 877923
715563 903985
715595 877923
715623 903985
715675 877923
715692 877923
715694 877923
715719 877923
715720 877923
715773 848514
715793 874933
715799 874933
715923 874755
715940 874755
716010 874933
716047 874933
716067 874933
716070 816933
716336 934700
716504 932733
716717 802261 837635 842308
716903 893078 933288
717396 874181
718112 659974
719217 886460
719467 744229
720299 843086
720608 930443
720927 858885
721962 869338
722005 744742
723000 877923
723937 843277
724037 724038
724049 808263
724069 724038
724075 724038
724097 724038
724107 884607
724283 724042 724284
724431 878387
724530 724538
724587 724534
725009 639981 643205 653555 744178 744180 744199 744212 765962
725493 561385 808642
725614 651816
725629 724577
725738 491167
726031 844342
726104 836864
726116 887797
726118 837999
726194 743233 839403
726676 835059 907577
726929 674370 808741
727032 806516 808161
727091 715175
727629 866295
727684 866295
727814 896723
727883 866295
727957 871040
728226 866295
728259 866295 883424
728310 867594
728374 881654
728790 743104
728858 685755 743047
729477 914412
729498 931434
729626 517072 743202
729748 886994
729837 874289
730879 880271
731727 474709 547793
731732 672086 796615
732309 545474 814465
732607 680548
734330 885662
734424 870293
734768 901390
734917 903455
734947 901390
735020 903455
735034 901390
735092 901390
735099 901390
735130 903455
735139 903455
735184 903455
735229 519410
735300 882191
735308 882191
735325 882191
735339 882191
735345 885662
735347 882191
735408 885662
735549 885662
735788 710146
735877 884861
735901 841963
735911 871267
736106 743683
736184 841787
736556 849187
736680 874933
736698 837228
737345 743932 743935
738733 890143
739100 891811
739215 879747
739246 879479
739247 868410
739268 558059
739858 870332 892326 900753
740019 876294
740867 880483
740960 870301
741207 743017 743018
741476 907445
741836 842596
741896 728491 743879
742041 915085
742297 906779
742307 808741 808752
742458 841787 842106
742542 725352 742538
742572 816933
742587 816933
742636 491167
742660 491167
742667 491167
742684 677395 699999
742697 696773 700026
742710 487575 721008
742765 796189
742773 499391 501551 502729 508167 521372 559761 590080 649929 669265 693794 722452 742774 742781 742798 742809 742812 742828 742835 742844 742850 742854 745785 772180 797484
742804 492687 499391
742813 886994
742836 879831
742874 593322 742876
742880 635698 744068 744069
742924 658147 820699
742930 742918 742931
742961 742957 742962
742978 884607
743002 587835 743003
743011 634309 697231 743015
743018 741207 743020 771704
743026 482095 743025
743047 728858 731405
743059 480854 529281 743060 743065 743071 743077 743078
743076 882702
743079 731405 743080
743096 743095 761030
743118 558224 639155
743121 648351 798716
743127 731405 743128
743140 630699 842065
743181 743163 743183
743191 743189
743215 568909 630520
743222 578618 624733
743225 743219 743226
743240 691598 743219
743281 743278
743290 724986
743307 743303
743310 704295
743311 570831 571105 715624 731220 743321 743366 743412 793190
743315 535658 597010 837179 837710 839257
743335 546257 743336
743347 648278
743352 508893 729289 743356
743356 743352 743359
743398 741162
743401 540325
743420 743417
743441 660990
743470 743468 743473 743474 743475 842202
743482 696407 743481 743485 743488 743492 743498 823829
743484 741046
743491 723172
743500 743498
743506 562044 597787 620560 731136
743525 497862 641530 743526
743532 743528
743556 743555
743576 647877 743578
743593 669069 743582
743600 810123
743661 761611
743676 540532
743703 743700 789423
743711 586644 743713 743715
743720 665908
743724 659205
743736 541204 613883 743745 743751 743787 743798 743837 745426
743741 743738
743749 743748
743764 579442 672797
743775 743774
743836 743834
743845 656725 842225
743858 743860 804727
743860 743858
743886 657466 668893 679526 691321 743906 743908 757292
743892 628531 743890
743906 743886 743907
743923 743920 821969
743944 573572 743931
743975 530549
743978 600196 743981
744008 624446
744054 744053 744056
744073 695596 744072
744108 674831 744075
744133 521234 744130
744192 628106 744188
744199 581410 725009
744206 744204 744209
744217 502763 832344
744230 769616
744273 578389
744296 744293 841459 841626
744316 744293
744351 744293
744532 681794
744540 479678 527297 537668 545223 595192 610631 620323 642148 661209 676238 707729 744538 744545 744673 744674 744675 744676 744677 744697 744715 837406
744706 743219 743229
744806 886129
744842 522612 743800
744852 744856
744970 711105 771913 836895 842206 842270
745271 935573
745529 883919
745616 876692
745902 743787 743789 831269
745951 883093
747024 899026
747032 881090
747089 875983
747119 881090
747164 883558
747291 872259
747385 888620
747389 764781
747467 888621
747490 894314
748021 835543 835545 835546 835547 835548 835549 835550 835552 835553 835555 835557 835558 835561 835564 835652 835658 835659 835687 835903 836418 836946 837303 838875 839019 839774 839790 839930 840032 841728
748444 837228
748484 879384
748584 888651
749294 891639
749662 870150
749989 835059 907577
750205 493404
750553 722473
751599 892427
752148 842596
752249 808579
752492 741046 823829
752611 843081
752615 843585
752616 887587
752681 723968
752719 728464
753320 744075 744076
753382 868608
754036 868601
755781 936403
756035 808416 808417
756059 693912
756420 873249 884970
756805 837043
757061 889480
757228 843081
757270 902845
757418 909456
757465 889510
757507 843611
757612 873635
758740 889564
758847 889584
758856 889584
758976 889585
758982 930443
759004 889585
759147 889585
759169 889585
759280 889585
759307 836895
759317 650184
760212 743519 743520
760357 935573
760473 715175
760477 723968
760488 723968
760490 837228
760750 500864 742739
761189 868813 887587
761223 892173
761360 896349
762052 595671
762171 727541
762187 865592
762960 882945
763201 883962
763264 893078
763325 922085
764074 869388
764223 594278 808863
764477 922656
764510 915264
764532 933571
765591 883410
766065 493392 805965
767544 883993
768370 836895
769420 689283
769616 636065 744230
769870 755743
770659 835059 907577
771288 855151
772641 903985
772650 743296
774007 933359
774081 519410
774107 597812
774172 897449
774937 935573
775699 888496
776030 882961
776220 888623
777065 578959
777071 883786
777103 896349
777181 853481 891017
777191 849049
777255 849049
777714 868608 875357
777760 691902 743568
778222 878847
778461 891044
778567 890481
778735 893448
779963 882839
780123 843086
781227 809119
781276 849510
781898 874791
782200 878099
782561 825898
782735 764781
782885 500672 502596 506277 537826 612443 701784 721761 731917 733160 746833 782882 782892 782984 782988 782989 782990 782992 783013 795736 806802 838950
783018 598501
783060 622109 665329 736503 783102 783106 783111 783112 783113
783112 783060
783151 783148
783772 591174
784312 849096
784646 887937
785369 898291
785645 891779
785682 868274
785907 884607
786285 928122
786335 877923
786625 724284
786989 892689
787122 874933
787500 891792
787565 835896
787681 891807
787750 888858
787763 935573
787824 891810
788259 870549
788286 935573
788310 885811
788402 880728
789222 518696
789246 835909 842262
789527 935573
789544 571005
789770 862864
790642 516104
790770 874933
790976 900714
791403 870332
791493 880600
791502 892326
791759 892329
792107 664365
792224 561849
792330 874181
792547 918059
792704 876294
792805 637197 743949
792873 878691
792954 837228
793041 788116 838569
793131 897985
793190 726342 743311
793215 843086
793363 877709
793385 891832
793456 894044
793990 872819 892418 905094
794300 837228
794364 515576 562981 599524 689252 808471
794437 808160
794963 922101
794979 906705
795509 889017
795588 874933
795782 641435
795941 835778
795983 875808
796404 835059 851053
796409 869898
796429 842755
796657 892514
796728 892516
797102 878678
797866 884385
797881 744293
798063 843616
798716 561066 598163 743121 743123 766988
798780 869328
799217 843083
799899 850583
800077 837508
800598 878894
800870 589551
801131 875970
801762 863267
802024 892476
802093 518696 674940 802260
802107 496311
802113 518696
802124 518696
802397 802261
802432 837564
802587 835059 907577
802847 802849
803069 842758
803565 837228
803584 835655
803867 559962
803883 843285
803947 893130
804207 831893 841709
804372 868950
804550 891534
804733 883959
805613 884818
806197 564079 807259
806250 855542
807580 843281
808178 835534 837228
808188 592608
808225 837228
808245 837228
808298 837228
808301 837228
808308 837228
808321 837228
808328 837228
808363 837228
808381 837228
808386 837228
808389 837228
808424 734057 808422
808431 693624 808435
808461 598712
808526 649875 724577
808572 795402
808573 608200
808583 808579 835185 840457
808587 808584
808589 808584
808599 808579
808627 808579
808644 793314
808665 808662
808667 808662
808668 843281
808671 843086
808694 734654 765698 784472 808691 840023
808701 720954 808703
808718 808716
808801 519410
808802 488914 519410 673273 746895 796418 801596 808804 808805 808808
808816 519410
808817 519410
808830 519410
808882 716309 808869 808885
808894 835059
808910 835059 907577
808912 835059 907577
808932 835059 907577
808952 835059 907577
808962 835059 907577
808975 835059 907577
808978 835059 907577
808997 835059 907577
809000 835059 907577
809021 835059 907577
809038 835059 907577
809079 835059 851053
809096 534697 608443 756907 809097 809099 809101 809104 809105 827229
809099 809096
809101 809096
809104 809096
809123 543459
809148 809119
809150 809119 834995 834996 835000 835001 835002 835003 835004 835005 835017 835018 835019 836021 836323 836549 836984 837782 839787 840294 840298 842496
809173 630707
809174 537325 614530 620111 838639
809177 809176 809180
809186 809184 809187
809250 658742
809260 772575
809270 740740 809256
809323 810611
809440 834732 834733 834737 834738 834739 834740 834741 834742 834759 834760 834763 834880 834881 834971 834977 834978 835496 835561 835581 836545 837051 837141 837752 837873 838086 838829 839526 840308 840452 840614 840660
809686 602155
809692 809695
810050 889585
810113 875073
810175 764781
810756 893130
810804 785459
810868 882729
810917 744027 744032
811306 479820
811323 811320 843405 843406 843407 843408 843418 843440 843442 843443 843463 843496 843498 843511 843526 843527 843528 843529 843655 843656 843657 843658 843697 843698 843699 843700 843701 843725 843753 843754 843795 843796 843797 843798 843823 843824 843825 843832 843833 843848 843849 843850 843851 843852 843853 843854 843855 843856 843857 843861 843862 846686 847064 847213 848593 850257 853031 855021 855707 855900 858028 871124 872566 872734 874409 876315 878574 881075 884583 888096 893126 893749 896473 897961 901223 903753 909948 913947 914835 914877 921089 921789 927115 927845 930912 931519 932313 935358
812186 915645
812192 843836
812478 843834
812652 734906 852108 852403 857482 864465 864690 865352 866741 868325 868880 869138 869215 869939 870208 870976 871558 873386 873656 873771 875687 876236 876477 876562 876642 877701 879313 882159 882491 883203 883547 883606 885146 885253 885861 888297 888303 889586 890222 890297 890301 890359 890668 890670 890926 891049 891051 891127 891171 891233 891235 891331 891337 891345 891392 891643 892567 895749 897379 897886 897921 900727 904403 909587 913513 924529 925251 933237
813022 843831
813389 843828
813562 881099
813958 862029
814005 843810
814008 843810
814208 843804
814237 843803
814242 891829
814337 870348
814422 836306 836329 836444 836654 837100 837276 837794 837971 838070 838178 838269 838671 838898 839035 839253 839287 839377 839398 839586 839635 839693 839855 839860 839869 839870 839875 839878 839879 839881 839883 839885 839886 839890 839893 839895 840928 841282 841950 842023 842129 842512
814552 873160
814916 879601
815136 780342
815499 545426 672794
815537 844342
815550 844342
816508 882523
816608 843612
816837 838673
816857 843608
816876 843610
816939 866277
816969 843607 936759
817133 866806
817154 854494
817156 843593
817776 903985
817788 865757
818105 842757
818173 886536
818226 843575
818253 843573
818315 852441
818720 552103
818789 843567
818811 914804
819007 934357
819342 843557
819572 906138
820148 843546
820810 843533
820856 843536
821008 927304
821816 886521
823154 761302
823180 685711
823356 645938 763765
823429 894137
823648 886536
823712 835059 907577
823917 884268
824140 842596
825549 649381
825607 560941
825613 560941
825896 668674
826178 866295
826361 494586 665863
826662 593956
826672 843083
827097 906382
827319 930443
827321 843282
827335 843281
827462 843281
827481 843277
827527 881605
827538 881605
827547 930443
827625 843281
827664 930443
827945 744130 744142
828675 854381
829683 921700
829934 808686 839375
830414 871598
831269 732601 743788 745902
831885 935573
831893 790216 804207
831959 843086
831972 843086 935573
831984 935573
831985 843086
832059 843086
832082 904138
832169 843084
832915 889585
833112 743088
834510 730559
834514 469881
834521 475069
834536 475069
834543 475069
834548 778236
834561 474249
834605 796179
834623 796179
834625 541861
834631 825617
834638 825617
834650 796179
834674 825617
834689 826406
834699 796179
834701 826406
834727 645993
834729 699867
834760 809440
834762 508150
834771 557429 825617
834786 557429 825617
834793 557429 825617
834795 557429
834803 557429 825617
834805 557429 825617
834806 820313
834824 557429 825617
834835 557429
834837 557429
834843 825617
834845 557429 825617
834850 557429
834857 557429
834858 557429
834871 811237
834874 508150
834878 731927
834881 809440
834882 508150
834886 557429 825617
834895 557429 825617
834896 557429 825617
834900 557429
834908 557429
834929 557429
834938 794107
834978 809440
834999 809119
835003 809150
835009 557429 825617
835059 477762 487290 487545 501747 508755 510014 512125 513050 514202 515358 515582 517586 517986 518251 518514 520874 523633 530555 533696 539169 544739 546207 549161 550154 554155 557296 558779 561383 565814 565994 569158 570925 572527 574768 575374 581010 583863 584837 587623 590578 595457 595494 596208 598037 598430 598531 598902 604561 604651 607595 608810 609581 611420 618505 619051 624255 625695 626419 626918 630349 631190 632791 633985 637413 638997 641282 655507 657879 658971 659744 660573 666201 667266 668849 669358 670317 674154 674448 675108 675890 678916 679922 680196 683593 685219 686223 688446 690615 697603 699798 702906 703302 703686 703970 704883 709343 710239 714555 718192 724385 725753 726676 727142 729633 734867 735370 735810 739413 742174 742517 742700 745950 749989 751999 757603 759335 760054 762269 762495 769228 770659 772236 773440 774316 775757 777454 789611 789813 790872 793832 796175 796385 796404 800667 801594 801897 802587 807323 807772 808893 808894 808895 808896 808897 808899 808900 808901 808902 808903 808904 808909 808910 808912 808913 808916 808919 808924 808926 808927 808929 808931 808932 808933 808935 808938 808941 808942 808945 808947 808949 808951 808952 808953 808955 808957 808959 808960 808962 808963 808965 808966 808968 808969 808973 808975 808978 808981 808987 808989 808990 808991 808993 808994 808996 808997 808998 808999 809000 809001 809003 809004 809007 809008 809011 809013 809015 809016 809019 809020 809021 809023 809024 809025 809026 809029 809031 809032 809033 809036 809038 809039 809040 809044 809046 809057 809066 809068 809069 809071 809072 809073 809075 809076 809077 809079 809081 810783 816073 817536 818685 823712 827417
835067 808838
835070 808838
835082 519410
835083 615341
835095 587847
835115 808623
835141 557429 825617
835157 685671 808579 808623
835168 537421 808579
835204 808520
835205 808520
835208 808516 808520
835230 691409 722939 808516 808520
835237 691409 722939 808516 808520
835244 691409 722939 808516 808520
835254 691409 722939 808516 808520
835257 691409 722939 808516 808520
835263 691409 722939 808516 808520
835265 691409 722939 808516 808520
835266 691409 722939 808516 808520
835270 691409 722939 808516 808520
835280 691409 722939 808516 808520
835301 691409 722939 808516 808520
835302 691409 722939 808516 808520
835318 691409 722939 808516 808520
835324 691409 722939 808516 808520
835332 691409 722939 808516 808520
835333 691409 722939 808516 808520
835336 691409 722939 808516 808520
835343 557429 825617
835363 691409 722939 808516 808520
835379 691409 722939 808516 808520
835389 723208
835391 691409 722939 808516 808520
835402 691409 722939 808516 808520
835409 691409 722939 808516 808520
835427 691409 722939 808516 808520
835428 691409 722939 808516 808520
835439 691409 722939 808516 808520
835442 691409 722939 808516 808520
835443 691409 722939 808516 808520
835453 808838
835463 691409 722939 808516 808520
835492 691409 722939 808516 808520
835545 748021
835554 557429 825617
835574 802110
835578 802110
835587 802110
835592 802110
835613 618709
835616 618709
835619 618709
835624 691409 722939 808516 808520
835640 802579
835645 618709
835654 677679 802624
835655 677679 802624 802656 803584 803869
835675 639811 782861
835679 782861
835725 557429 685538
835728 557429 685538
835729 557429 685538
835733 557429 685538
835735 825617
835743 685538
835769 685538
835774 506266
835784 557429 685538
835795 557429 685538
835832 691409 722939 808516 808520
835835 685538
835837 685538
835853 557429 685538
835862 685538
835871 685538
835872 685538
835876 557429 685538
835878 685538
835888 685538
835891 685538
835905 782861
835915 685538
835930 557429 685538
835939 691409 722939 808516 808520
835965 685538
835986 685538
835997 557429 685538
836004 557429 825617
836086 633100
836117 761014
836126 808516 808520
836155 483208 508150 796179
836159 517961
836174 782892
836186 761014
836193 517961
836198 775369
836210 517961 685538
836219 517961
836222 517961
836223 517961
836233 761014
836248 685538
836250 517961 685538
836278 517961
836307 508150
836310 691409 722939 808516 808520
836312 574985
836317 742870
836324 544462
836336 691409 722939 808516 808520
836342 508711
836358 517961
836364 691409 722939 808516 808520
836367 550753 583528
836373 733344
836388 658451 816933
836419 585924
836437 550753 583528
836441 691409 722939 808516 808520
836443 550753 583528
836444 814422
836471 583528
836487 583528
836489 583528
836494 503942
836500 691409 722939 808516 808520
836556 550753 583528
836564 583528
836565 665351
836587 523541
836615 789409
836621 517961 685538
836626 503505 550753 557328
836634 583663
836640 691409 722939 808516 808520
836644 550753 583528
836659 691409 722939 808516 808520
836664 691409 722939 808516 808520
836685 550753 685538
836687 495194 808532
836691 733344
836692 658742
836701 733344
836707 494580
836752 550753
836760 685538
836785 691409 722939 808516 808520
836813 568221
836819 782861
836861 583528
836897 508711 583528
836919 682749
836924 733344
836934 508150
836951 508711
836958 782861
836961 475069 508711 583528
836966 826925
836967 475069 508711 583528
836970 794107
836975 508711 583528
836979 508711
836990 794107
836993 519410 808857
837004 802110
837006 724577
837011 550753 583528
837040 508711 583528
837077 503505 557328
837085 630411
837092 641382
837093 557429 825617
837109 590405
837122 585924
837137 557429 825617
837180 691409 722939 808516 808520
837181 564630 688125 756287
837188 503505 557328
837196 691409 722939 808516 808520
837199 557429
837212 585924
837214 583663
837217 809119
837234 691409 722939 808516 808520
837236 665351
837237 550753 583528
837240 665351
837268 618144
837269 621663 659619 738575 744172 815207
837281 664331
837285 482518
837298 475069 508711 583528
837314 493692
837321 568062
837323 691409 722939 808516 808520
837327 568062
837331 631607
837354 685538
837368 617095
837438 655008
837497 691409 722939 808516 808520
837501 583663
837510 585924 590405
837513 583528
837590 550753 583528
837622 550753 583528
837650 583663 585924 590405
837658 557429 825617
837659 544462
837661 557429 825617
837665 691409 722939 808516 808520
837678 715690
837685 733344
837707 516592 542966
837711 808532 811995
837729 680419
837750 556332 619477
837779 493692
837791 556332
837793 590405
837814 724641
837842 503505 557328
837855 550753
837856 583528
837861 557429 825617
837869 691409 722939 808516 808520
837876 503505 557328
837894 508711 583528
837909 590405
837911 583663
837914 541861
837938 679993
837941 550753 583528
837944 794107
837945 618709
837951 570292
837959 508711 583528
837960 517961 685538
837991 508711 583528
838002 705230
838022 590405
838044 550753
838051 583528
838052 510459
838063 508711
838087 503505
838109 517961 557328
838119 550753 585924
838126 691409 722939 808516 808520
838131 583663 590405
838132 691409 722939 808516 808520
838162 680419
838181 808508
838183 550753 583528
838197 783830
838211 508711 583528
838212 527188
838240 583663
838251 550753 685538
838269 814422
838274 544179 610526 634572
838298 534686 808579
838303 498313
838310 644003
838312 550753 585924
838314 709852 742590
838319 583663
838331 583528
838346 583663
838367 503505
838370 550753 583528
838399 583663
838416 475069 508711 583528
838420 583663
838450 519012
838464 583663
838483 583663
838485 508711 583528
838523 691409 722939 808516 808520
838589 519012
838601 508711 583528
838630 585924
838635 550753
838653 583663 585924 590405
838667 550753 585924 802110
838682 691409 722939 808516 808520
838683 680419
838687 697716
838690 517961 557328
838699 685538
838710 508711
838721 550753 583528
838732 583663
838742 550753 685538
838759 590405
838761 503505
838763 809119
838783 671893
838804 550753
838827 825617
838874 679993
838893 585924 590405
838912 557429 685538
838917 544179
838923 691409 722939 808516 808520
838964 550753 585924
838987 557429
839003 590405
839013 583663 590405
839018 590405
839023 550753 583528
839025 557429 685538
839033 583663
839065 582509
839085 583663 585924 590405
839092 544739 809057 809062 809081
839094 557429 685538
839100 583663 585924 590405
839106 517961
839107 664833
839109 644003
839121 508711
839154 583663
839176 583663
839192 583528
839195 590405
839211 557328
839232 527188
839234 583528
839235 583663
839253 814422
839263 557429
839266 685538
839277 475069 508711 583528
839281 583528
839297 612203
839305 550753 583528
839311 556332
839313 816933
839320 564504
839345 503505
839348 550753 685538
839351 482518
839382 644003
839386 644003
839387 644003
839396 618709
839401 583663
839428 590405
839453 510459
839479 763052
839487 583663
839508 557429 685538
839514 503505
839517 583663
839519 503505 557328
839524 612156
839525 517961 557328
839531 494981 655008
839543 570292
839557 583663
839564 583528
839573 491569
839578 585924
839586 814422
839609 691409 722939 743034 808516 808520
839625 583663
839635 814422
839639 815325
839646 590405
839659 503505
839704 550753 583528
839705 557429
839709 618336 679993
839719 583528
839803 685538
839821 583663
839880 568062
839883 814422
839908 503505
839911 503505
839918 503505
839922 517961
839958 503505
839970 583663
839974 503505
839982 557328
840004 503505
840009 503505 557328
840031 798317
840034 633100
840044 544284
840059 798317
840065 503505 550753 557328
840078 503505
840118 503505 550753 557328
840130 475091 560941
840143 691409 722939 808516 808520
840151 798317
840164 503505
840170 503505 517961 550753
840189 503505
840190 503505 517961 550753
840191 503505
840197 818875
840219 503505 517961 550753
840227 503505 517961 550753
840230 503505
840237 647926
840252 744276
840256 633100
840257 798317
840297 798317
840331 530042
840335 685538 724093 825617
840343 676160
840345 722939
840406 724641
840425 783830
840426 482518
840429 517961
840437 618709
840447 583663
840454 585924
840467 585924
840473 607469 611025 756287
840482 585924
840487 550753 585924 802110
840491 550753 585924 802110
840522 527188
840568 550753
840572 585924
840597 550753 585924
840617 550753 583528
840627 585924
840646 503505 557328
840666 685538
840698 685538
840702 585924
840716 557429
840737 557429
840754 550753 585924
840766 691409 722939 808516 808520
840781 691409 722939 808516 808520
840782 550753 585924
840785 644003
840830 550753 585924
840833 550753 585924
840861 519012
840890 808579
840893 798317
840897 808532
840914 583663 585924 590405
840967 503505 517961 550753
840972 659684
840983 493692
840984 550753 585924
840986 704394
841002 676160
841004 550753
841008 704187
841038 508711
841042 550753
841056 508711
841058 557429 825617
841103 550753 685538
841105 523541
841108 794107
841122 550753
841169 691409 722939 808516 808520
841176 794107
841200 550753
841201 550753
841203 796179
841206 550753
841209 550753
841230 808838
841252 499335 525766 563121 628268 747402 757685 762718 774407 775640 775641
841269 557328
841283 550753 685538
841300 783830
841332 550753
841336 802110
841344 557328
841354 570930
841355 550753
841358 618709
841363 550753
841380 517961 557328
841391 550753
841400 550753 685538
841431 550753
841433 550753
841437 508711
841446 557429
841450 582580 818875
841469 816933
841509 691409 722939 808516 808520
841538 703770
841539 557429 825617
841540 497760 706593 811995
841544 781854
841546 508150 775607 802579
841573 703770
841590 705230
841595 503505 557328
841598 517961 685538
841626 744296
841627 517961 685538
841632 703770
841655 691409 722939 808516 808520
841656 703770
841660 703770
841668 703770 724093
841683 517961 557328
841685 703770
841693 491167 742676
841699 703770
841700 557328
841705 685538
841747 724093
841752 557429 825617
841758 679993
841803 583663
841816 508711
841823 503505 557328
841828 550753 585924
841864 523541
841885 524141 724641 744858
841896 724093
841937 724093
841940 783159
841943 685538 724093 825617
841946 685538 724093 825617
841952 724093
841955 724093
841969 517961 557328
841995 724272
841998 724641
842034 724272
842080 557429 685538
842116 491167 808579
842128 583528
842130 691409 722939 743034 808516 808520
842146 691409 722939 743034 808516 808520
842163 517961 685538
842184 743264
842188 724093
842189 743298
842201 743459
842206 725293 744293 744970
842207 557429 825617
842211 647926
842227 530549
842233 517961 685538
842237 691409 722939 808516 808520
842250 794107
842258 583528
842315 475069
842325 523541
842329 704187
842336 557328
842345 557328
842377 659684
842383 691409 722939 808516 808520
842400 557429
842407 691409 722939 808516 808520
842415 529830
842420 508711 583528
842428 570292
842509 583663
842541 557429
842548 505037
842550 517961 685538
842564 659684
842566 762190
842577 658742
842585 517961
842599 474322
842610 474322
842618 474380
842633 486459
842714 486459
842716 474814
842721 519599
842768 474322
842771 474322
842808 474814
842809 474380
842829 644382
842937 825859
842942 825859
842946 826376
842948 826376
842955 825859
842983 830441
843035 826862
843058 828327
843064 826862
843095 826862
843102 826862
843145 825859
843154 830441
843203 825859
843261 826862
843287 826862
843307 580699
843335 826475
843336 826475
843350 825859
843398 810679
843411 479820
843418 811323
843430 810679
843433 809804
843453 809804
843454 809804
843485 479820
843496 811323
843505 741110
843509 809578
843527 811323
843547 525470 545298 639853 777843 819801 820152
843550 479820
843564 626511 639568 714821 785106 818857
843595 679255 778781 817144
843596 506311 597634 654451
843599 810055
843623 809804
843626 479820
843651 810679
843667 810140
843678 810055
843679 810055
843680 810140
843697 811323
843698 811323
843752 810140
843754 811323
843766 741110
843803 612216 814229 814235 814236 814237
843806 546948 610002 610533 727843
843825 811323
843842 530122 613790 761957 811693
843881 810055
843883 810140
843897 809804
843906 809578
844284 810140
844713 519599
845411 830441
845925 830441
846351 486459
848205 580699
848419 497031 804535 804543 804548
848529 523456 523466 535040 601669
848917 622135
849149 585882
849426 487942 487946 748810
849554 552814 580933 601280 639740 731022 775883 818762 818763
849655 646403
849862 763065
849881 732231
849948 603440 652827 659962 689024
850067 611036
850083 715339
850143 641051
850172 646403
850352 742400
850448 513834
850519 810679
850756 727541
850888 796083
851472 802424
851614 796083
851656 478093 599199 643754 690194
851835 555340
852089 572379
852108 812652
852356 492591
852403 812652
852681 727623
852880 744710
853035 477880 564758 564781 623756 743190 817574
853939 483277
854015 711105
854064 555340
854160 637881
854266 488866 572753 580280 795305
854600 570021 701200 812055
854734 527655
855073 828629
855190 608307
855879 555340
855970 675229
856443 727541
856800 542925
857121 654546
857482 812652
857945 830441
858636 654546
858747 514175 621095 688854 763426
858900 528706
859124 646087
860064 826475
860122 783454
860680 517089
860898 489151
860999 580699
861168 762485
861208 542195
861723 641051
861767 514470
861887 826376
862121 515904
862126 478310 606493 665992 677141 681981 781071
862133 585870
862172 808127
862331 494554
862744 545463
862821 560158 677960 677966
863052 721555
863184 654546
863224 611036
863400 585870
863558 809151
863652 611036
863832 508641 565793 606443 627766 678424 766136
864114 581201
864315 533434 762352 763014 763131
864523 742668
864608 585882
864760 598131
864803 641051
865350 783454
865352 812652
865379 661293 694295 823824 832362
865390 513583 513586 513588 557696 648831
865404 483585
865690 628664
865726 494554
866124 763065
866223 646087
866267 494475
866304 742400
866315 513834
866588 802424
866612 622272
866619 726791
866683 646403
866701 830441
866719 479014 479016 479018 479037 479038 511350 513225 534412 592275 602397 622345 623545 672707 700825 822672
866727 567752
866789 534769
866822 742668
866832 725551
866850 724460
866902 724460
866957 526546
867053 572379
867082 688712
867139 750453
867180 704471
867214 711105
867286 744686 804393 804425 804426
867368 654546
867416 745468
867419 483484
867421 572379
867446 644450
867468 721555
867552 622135
867659 808127
867753 742668
867769 783454
867772 628664
867777 704471
867778 670410 708177 708182 708185
867820 665053
867834 583460 660601 705958 705960 705965 705967 705968
867894 749644
867927 572379
867940 628664
867954 566633
867981 809578
868013 641051
868014 585870
868076 622272
868085 711105
868170 581201
868175 590993
868222 579869 625688 692454 692466
868342 742400
868415 622272
868453 566633
868493 538997 607508 645992 652741 683258 683359 683402
868496 666099
868528 590284 653578 680133 690909 783133
868546 612289
868625 478357 479792 535831 554142 583811 614083 645004
868630 588933
868654 608307
868667 581201
868692 483484
868746 783454
868765 483585
868775 483484
868846 644450
868965 590993
868988 483484
869138 812652
869167 590993
869183 490744 497286 651729
869203 725537
869334 679661
869336 483484
869497 493843
869503 763065
869558 511722
869595 493843
869602 494554
869605 575383 589613 625312 656086
869638 828629
869664 826475
869748 612289
869766 808127
869908 686299
869967 654546
870072 565581 634777 657871 678056 725114
870143 489690 520034 628523 667867
870262 493302 493320 493342 493350 493358 493386 493423 493462 501231 501253 516530 527455 531513 538289 561377 612752 614746 630863 665139 677749 680725 687405 700337 719031 732111 732579 738993 757294
870266 547654
870281 483484
870293 501221 565608 715119 734387 734417 734419 734424 829961
870306 808127
870336 644450
870394 503907 668125 691957 691964
870436 527655
870485 763065
870489 808848
870552 494554
870621 628664
870668 595852
870682 527655
870769 809804
870791 608307
870804 628664
870837 581201
870988 724460
870992 679661
871035 493843
871115 763065
871201 542195
871337 517089
871368 622272
871423 549172
871482 530926
871506 481533 489298 494676 554856 560511 578566 583492 612001 668947 674579
871574 721555
871623 499413 560949 710242 712597 785060 785070 785086 785090 816926
871664 801133
871740 763065
871760 549172
871764 724460
871931 526878 526884 588559 731045 765156
871957 705344
872019 528706
872134 796083
872186 528706
872202 479102 688047 777038 777043 777050 777060
872221 763065
872249 528706
872329 637881
872393 585073
872408 549172
872557 828629
872683 705344
872720 611036
872944 612289
872997 727541
873050 515904
873113 622272
873193 521978
873197 622272
873252 595852
873309 721555
873313 828629
873330 494269
873342 534769
873378 763065
873386 812652
873648 562608 613332 640373 645063 645091 645099 792735
873743 595852
873803 494554
873861 515904
873865 622272
873917 665053
873979 489155 489355 499793 624085
874022 593723
874023 637881
874026 641051
874050 588933
874091 480488 526981 602940 657222
874100 588933
874105 487055 503751 686987
874203 547654
874232 611036
874259 679661
874280 504597
874310 489151
874433 585073
874452 515904
874461 566633
874490 808856
874522 483484
874647 499177 499194 499211 499225 515199 518977 552638 553900 557282 565039 570350 570487 582168 584518 650596 664031 715567 717269 727511 737710 762607
874749 721555
874762 566633
874791 480339 494870 535730 548651 781898
874805 585870
874837 595852
874855 665053
874933 483458 496698 506535 519091 523307 547306 548390 559777 561008 562696 568048 569044 584023 597568 601511 615709 651547 652111 652689 671581 680525 681442 682175 704377 711107 715757 715793 715799 715814 715818 715823 715832 715840 715845 715847 715881 715891 715903 715930 715954 715996 716002 716010 716028 716047 716061 716067 716068 716069 716073 716077 716078 716080 716081 716082 716084 716091 716094 716095 716099 716100 716112 716114 716119 716121 719718 736680 740253 771333 787122 790770 795588 797392 832749
875028 608307
875132 665053
875225 721555
875256 608307
875288 608307
875352 749644
875368 590993
875388 494554
875390 549172
875429 648983
875492 802424
875588 588933
875656 544040 619972 630885 633873 640890
875723 688712
875725 704471
875771 686299
875775 717904
875795 538600 652451 655406
875808 481241 689011 795983 822773
875861 585870
875943 529494 579899 709710
875947 742668
875985 665053
876073 572379
876105 494269
876157 646087
876170 549172
876172 566633
876222 549208 575304 578200 596136
876241 704295
876250 744710
876280 711105
876345 528706
876450 705344
876556 742400
876620 527655
876624 665053
876734 523829 578433 726604 832968
876865 804952
876935 611036
876943 705344
877089 750453
877099 591174
877104 494475
877118 530926
877203 549172
877218 598131
877465 506974 565339 694257
877530 493843
877570 804952
877683 641051
877771 564979 610244 707816 754827
877785 593631 595335 598677 705926
877944 763065
877980 591174
878070 644450
878145 679661
878148 611036
878222 567752
878246 526546
878279 513791 513794 542716 798431
878309 783454
878321 783454
878371 515904
878420 648983
878445 613650
878465 515904
878524 725551
878546 567752
878548 585882
878564 675229
878570 745468
878576 665053
878634 725551
878798 665053
878852 715339
878870 526546
878906 595570 619042 640048 655156
878937 726791
878990 550850
879274 828327
879411 547654
879418 547654
879467 489151
879590 644450
879840 531242 630711 638764 716474
879862 590993
879898 497803 525111 555348 581697 604124 644183 667690 667991 729454 778277
880133 585870
880222 541968
880256 540674 572175 577684 583986 601034 607555 613496 624189 635292 782819
880321 679661
880360 541968
880373 526546
880416 549172
880459 688712
880510 648983
880578 597010
880728 648952 691360 782676 788402
880758 541968
880761 515904
880853 503228 503229 503237 644020
880950 549172
880956 763065
880994 595852
881000 749644
881020 724460
881083 510630 586435 597751 600817
881114 808127
881137 525084 537983 569173 624049
881190 492817 524144 608823 769189
881191 648983
881218 487995 491838 514200 641831
881280 608307
881479 588933
881652 492591
881786 648983
881796 725537
881804 566633
881807 641051
881821 504597
881946 828629
882017 686299
882022 588933
882061 608307
882083 566800 577713 640601 640626
882140 686299
882163 608307
882317 595852
882391 762485
882416 611036
882483 686299
882581 810679
882592 550628 579998 580546 641400 723671
882658 579202 602000 615441 658332 784713
882671 535760 598928 603356 658805 797671
882683 641051
882718 542195
882742 527655
882750 802424
882848 585073
882916 643415
882950 597010
882990 725551
883065 808127
883072 688712
883093 498903 594418 675062 745951
883097 750453
883221 588933
883254 641051
883270 736610
883299 692504 693578 715037 745273 762973 763090 774788
883396 704471
883560 665053
883700 679661
883729 572379
883752 521978
883822 648983
883864 537239 579432 593421 641973
883973 564940 581740 589482 603975 627781 668831 712385 723364
884020 480277 559087 669601 724681
884052 588933
884136 542925
884146 721555
884151 622272
884173 514470
884233 750453
884268 549830 567139 764565 823917
884282 628664
884287 666099
884311 665053
884338 622135
884347 622135
884363 504597
884385 629843 635838 657011 797866
884403 597010
884519 750453
884607 724107 742978 785907 785921
884673 487632 619377 678854 679509
884706 504597
884711 675229
884731 590993
884794 749186 787602 787608 787617
884795 542195
884904 637881
884975 514470
885005 675229
885117 593723
885165 597010
885186 637881
885265 530926
885306 622135
885381 613650
885438 745468
885491 644382
885533 613650
885583 597010
885592 478154 478180 478360 568921 668919
885609 732231
885632 528802 528818 528830 553952
885679 750453
885757 595852
885822 679661
885857 540123 540144 640257 640459 640499 659586 778261
885904 483484
886033 545463
886071 528706
886072 810055
886198 542925
886220 530926
886237 565123 585973 600556 655215
886352 542195
886598 721555
886740 679661
886771 541968
886828 541968
886898 641051
886924 715339
886955 679661
886983 493843
887030 530381 542358 622714 703073
887064 593723
887108 611036
887143 622135
887170 622135
887179 526546
887190 652802
887253 517089
887284 593723
887402 541968
887406 585073
887455 715339
887473 648983
887483 611036
887495 688712
887558 585870
887575 705344
887715 481666 512495 512502 525041
887744 526546
887831 533735
887876 622272
887908 590993
888014 743460
888136 641051
888165 659922
888345 474814
888406 585073
888430 652802
888434 688712
888568 809804
888592 555340
888598 555340
888616 530537 603982 666615 690092 733371 747280 747348 747349 747353 776419 785252
888637 713225 748514 748519
888728 598131
888756 652802
888783 762485
888859 727541
888892 590993
888923 711105
888978 585073
889030 524648 632484 793755
889091 585073
889176 641051
889345 736610
889488 652802
889506 749644
889687 715339
889740 804952
889826 566633
889831 536740 536747 540202 598402
889919 683523
890021 608307
890027 585882
890050 598131
890106 764307
890110 484045 555598 698990 764447
890197 808856
890342 588933
890457 796083
890459 784239
890461 550850
890507 796083
890625 802424
890668 812652
890675 705344
890681 808856
890780 641051
890806 808856
890831 683523
890870 796083
890899 804952
891031 648983
891049 812652
891077 683523
891084 683523
891223 625378 759556 777060 777189 777202 777208 777216
891292 796083
891361 489151
891422 567752
891429 646087
891494 644450
891497 808127
891502 727623
891784 585073
891785 535042 572634 656599 722309 774665 786100 786244
891789 671429 734355 786653 786665
891810 759607 787813 787818 787824
891811 551804 714080 739100 787866
891815 736814 787907 787908 787909
891829 597199 692571 788076 814242
891877 783454
891878 802424
891895 732231
891961 585870
891976 654546
892024 513834
892077 644450
892087 654546
892163 763065
892201 763065
892227 590993
892340 487698 732882 742737 793154
892385 679661
892453 531624 732300 794162
892463 593313 626103 794684 794737
892472 727623
892608 654546
892670 591174
892683 732231
892790 590993
892846 525613 527733 534793 673871
892850 783454
892943 802424
893026 521978
893083 646403
893190 531778 531886 532017 583350 646383 647814 772448 816662
893193 521978
893340 550850
893349 744710
893435 521978
893501 483277
893503 802863
893528 493734 654018 655680
893578 802424
893633 763065
893678 804952
894114 715339
894222 592564 698219 735061 793401
894285 585882
894433 622135
894440 549172
894585 666099
894590 549172
894649 486459
894810 549172
895109 750453
895169 711105
895313 725537
895516 763065
895548 634699
895552 652802
895642 828629
895714 679661
895715 512449 570552 676960
895744 572379
895890 762485
896059 494554
896252 567752
896391 483585
896583 646087
896592 590993
896671 585882
896753 671500
896839 784239
896919 654546
897053 783900
897220 644450
897374 515904
897379 812652
897551 526546
897642 634699
897981 646403
898010 585870
898065 515904
898182 585882
898226 601289 767191 773938
898321 783454
898432 526187 642931 748937
898557 588933
898566 526546
898693 736610
898737 613650
898802 802863
898856 588933
898870 588933
898955 808848
899069 519599
899117 742400
899200 483585
899354 725537
899425 493843
899619 479820
899636 555340
899716 686299
899799 566633
899880 809578
899945 493843
900019 750453
900329 809804
900560 801133
900665 646087
900803 549172
900823 742400
900929 585882
901354 588933
901758 600881 701196 794179 794208
902200 494554
902560 763065
902897 494554
903452 585870
903539 541968
903610 550850
903612 826376
903965 648983
904138 493175 493211 510384 549928 553171 611816 620351 789885 832082
904278 721555
904403 812652
904832 725537
905193 517524
906133 584833 741577 773722 773791 773908
906138 518812 662436 679328 819572
906162 571689 646987 647007 647012
906660 763065
906731 711105
906779 614012 707170 742297 814056
906842 612289
906918 608307
907138 749644
908243 549344 549350 549356 554739 560446 571756 579287 582093 582732 593620
908356 541968
908639 802863
908762 526904
908978 634699
909562 647926
909574 742668
909616 826475
909691 507150 597576 677206 820957 820970 820999
909821 634699
910511 665053
911274 585882
911474 500403 541764 546536 568870
911797 810140
912197 588933
912281 550773 582176 635510 635766
912737 622135
912800 567752
913561 828629
913617 736610
913829 762485
913918 580994 695513 695530 695534
913947 811323
914049 608307
914241 665053
914909 494554
915962 804952
916381 484943 486664 492215 492360 665719 736181
916398 515904
916614 612289
916950 634699
917583 611505 645468 674039 768696
918821 494554
919363 809804
919382 506864 644265 751889 787748
919978 826475
920513 745468
920596 622006 672760 709968
921003 825859
921813 599925 694835 733748 826425
922064 644450
923557 591174
923711 634699
924256 512779 512785 512789 593145
924338 515904
924517 521978
924529 812652
924605 635648 757609 816623
924984 480051 544763 574525 600715 646785
925523 808686
925654 749644
925991 794422
926045 622272
926433 566633
927342 808127
927511 565947 635277 653799 676556
927613 675229
927827 646087
928195 611036
928254 809578
928456 652802
928782 493641 587518 593756 640291 805811 817322
928863 783454
928877 763065
928956 736610
929069 679661
929104 496882 513954 578719 598479
929163 612289
929343 597010
929503 666099
930046 726791
930355 646087
930443 548609 558804 567497 571090 582659 600513 600959 605762 616880 620563 622557 624438 635828 642410 650738 653058 666141 679574 682829 683474 690701 693188 701709 702432 709195 716335 720608 722458 723096 723472 725832 731966 748132 754299 754537 757007 758982 778432 784388 788047 792841 801811 804725 805224 814458 821553 823527 824706 827317 827319 827324 827330 827337 827339 827347 827404 827440 827492 827498 827514 827531 827541 827545 827547 827559 827583 827600 827629 827644 827649 827656 827664 827666
930659 572379
930732 764760 764762 764763
930842 825859
931399 721555
931812 617393 632020 639661 732293
932467 686299
932649 808127
932968 796083
933359 555842 594547 689412 774007
933578 644450
933605 611036
933841 622135
934001 802424
934104 669453 669467 669468 710391
934315 494475
934341 644450
934372 622272
934411 597010
934637 644288 718195 827686 827693
935245 666099
935343 517089
935445 826475
935614 597010
935911 595852
936726 545463
